        GLOBAL Land-Ocean Temperature Index in 0.01 degrees Celsius   base period: 1951-1980

                    sources:  GHCN-v4 1880-01/2024 + SST: ERSST v5 1880-01/2024
                    using elimination of outliers and homogeneity adjustment
                    Notes: 1950 DJF = Dec 1949 - Feb 1950 ;  ***** = missing

                                                                     AnnMean
Year   Jan  Feb  Mar  Apr  May  Jun  Jul  Aug  Sep  Oct  Nov  Dec    J-D D-N    DJF  MAM  JJA  SON  Year
1880   -17  -23   -8  -15   -9  -20  -16   -8  -12  -21  -20  -16    -15 ***   ****  -10  -15  -18  1880
1881   -18  -13    4    6    8  -18    1   -3  -14  -21  -17   -6     -8  -8    -16    6   -6  -18  1881
1882    17   15    6  -15  -13  -22  -15   -6  -12  -22  -15  -35    -10  -7      9   -8  -14  -17  1882
1883   -28  -36  -11  -17  -16   -7   -5  -13  -20  -10  -22  -10    -16 -18    -33  -15   -8  -17  1883
1884   -12   -6  -35  -39  -33  -35  -29  -27  -26  -24  -32  -30    -27 -26     -9  -35  -30  -28  1884
1885   -57  -33  -26  -41  -44  -43  -33  -31  -27  -23  -23  -10    -33 -34    -40  -37  -36  -24  1885
1886   -43  -49  -42  -27  -23  -34  -17  -30  -23  -27  -27  -24    -31 -29    -34  -31  -27  -26  1886
1887   -71  -56  -35  -34  -30  -24  -25  -35  -25  -35  -26  -32    -36 -35    -51  -33  -28  -28  1887
1888   -33  -36  -41  -20  -21  -17  -10  -15  -11    2    3   -4    -17 -19    -34  -27  -14   -2  1888
1889    -8   17    7   10    0  -10   -7  -20  -23  -25  -33  -29    -10  -8      2    5  -12  -27  1889
1890   -41  -44  -40  -29  -39  -24  -27  -39  -36  -24  -43  -31    -35 -35    -38  -36  -30  -34  1890
1891   -33  -46  -17  -27  -16  -20  -16  -16  -14  -21  -30   -4    -22 -24    -37  -20  -18  -22  1891
1892   -28  -11  -39  -33  -23  -22  -31  -27  -16  -13  -41  -37    -27 -24    -14  -32  -26  -23  1892
1893   -80  -55  -21  -26  -32  -24  -13  -24  -22  -18  -18  -33    -31 -31    -57  -27  -20  -19  1893
1894   -52  -30  -23  -44  -31  -40  -24  -25  -28  -23  -26  -21    -31 -32    -38  -33  -30  -26  1894
1895   -42  -42  -33  -22  -28  -21  -17  -18  -12  -10  -16  -13    -23 -24    -35  -28  -19  -13  1895
1896   -21  -11  -25  -30  -15  -10   -1   -4   -6    7   -3   -3    -10 -11    -15  -23   -5   -1  1896
1897   -14  -16  -13   -1    0  -11   -2   -8   -7  -12  -17  -20    -10  -9    -11   -5   -7  -12  1897
1898    -2  -29  -51  -30  -30  -19  -22  -26  -21  -33  -38  -22    -27 -27    -17  -37  -22  -31  1898
1899   -15  -37  -35  -20  -23  -31  -16   -8   -4   -3   13  -26    -17 -17    -25  -26  -18    2  1899
1900   -35   -4    2   -8   -7   -9  -12   -8   -5   10   -6   -6     -7  -9    -22   -5  -10    0  1900

Year   Jan  Feb  Mar  Apr  May  Jun  Jul  Aug  Sep  Oct  Nov  Dec    J-D D-N    DJF  MAM  JJA  SON  Year
1901   -21  -11    6   -3  -15  -12  -14  -20  -22  -29  -16  -27    -15 -14    -13   -4  -15  -23  1901
1902   -16   -9  -27  -27  -32  -31  -27  -30  -29  -30  -36  -41    -28 -27    -17  -29  -29  -31  1902
1903   -24   -5  -23  -41  -39  -42  -34  -45  -49  -46  -41  -50    -37 -36    -23  -34  -41  -45  1903
1904   -62  -58  -50  -50  -51  -48  -50  -49  -55  -38  -16  -32    -46 -48    -56  -50  -49  -36  1904
1905   -34  -58  -20  -32  -28  -28  -25  -20  -18  -24   -6  -12    -25 -27    -41  -27  -24  -16  1905
1906   -27  -29  -18   -4  -25  -19  -22  -19  -27  -19  -37  -14    -22 -21    -23  -16  -20  -28  1906
1907   -42  -50  -26  -36  -45  -41  -34  -33  -33  -22  -45  -46    -38 -35    -35  -36  -36  -33  1907
1908   -43  -31  -54  -43  -36  -37  -34  -45  -35  -43  -51  -48    -42 -41    -40  -44  -39  -43  1908
1909   -72  -45  -53  -58  -54  -51  -44  -33  -37  -39  -31  -55    -48 -47    -55  -55  -43  -36  1909
1910   -41  -40  -50  -41  -33  -38  -33  -36  -38  -40  -56  -66    -43 -42    -46  -41  -35  -45  1910
1911   -61  -57  -60  -53  -51  -50  -41  -43  -40  -26  -21  -21    -44 -47    -61  -55  -45  -29  1911
1912   -26  -15  -38  -17  -21  -24  -42  -54  -57  -57  -39  -42    -36 -34    -20  -25  -40  -51  1912
1913   -39  -44  -41  -39  -43  -44  -35  -33  -34  -31  -19   -1    -34 -37    -42  -41  -38  -28  1913
1914     5   -9  -23  -29  -20  -25  -22  -15  -16   -2  -15   -3    -15 -14     -2  -24  -21  -11  1914
1915   -20   -3   -9    7   -5  -21  -12  -21  -20  -23  -12  -20    -13 -12     -8   -2  -18  -18  1915
1916   -12  -14  -27  -30  -35  -49  -36  -28  -35  -33  -45  -80    -35 -30    -15  -30  -38  -38  1916
1917   -56  -62  -63  -54  -54  -43  -25  -22  -22  -43  -33  -67    -45 -46    -66  -57  -30  -33  1917
1918   -47  -33  -24  -43  -42  -35  -31  -31  -16   -5  -11  -29    -29 -32    -49  -36  -32  -11  1918
1919   -20  -22  -21  -12  -28  -36  -29  -33  -24  -20  -41  -41    -27 -26    -24  -20  -32  -28  1919
1920   -24  -26  -11  -23  -26  -35  -30  -26  -21  -26  -26  -46    -27 -26    -30  -20  -30  -24  1920

Year   Jan  Feb  Mar  Apr  May  Jun  Jul  Aug  Sep  Oct  Nov  Dec    J-D D-N    DJF  MAM  JJA  SON  Year
1921    -4  -17  -22  -29  -29  -26  -14  -26  -18   -3  -14  -17    -18 -21    -22  -27  -22  -12  1921
1922   -33  -44  -15  -23  -33  -30  -27  -32  -35  -31  -14  -19    -28 -28    -31  -23  -30  -27  1922
1923   -26  -39  -33  -40  -33  -29  -30  -33  -31  -13   -2   -3    -26 -27    -28  -36  -31  -15  1923
1924   -22  -23   -8  -30  -18  -26  -29  -36  -32  -35  -20  -43    -27 -23    -16  -19  -30  -29  1924
1925   -37  -39  -27  -25  -29  -33  -27  -20  -19  -17    6    7    -22 -26    -39  -27  -27  -10  1925
1926    21    3   12  -12  -23  -26  -28  -14  -15  -12   -7  -30    -11  -8     10   -8  -23  -11  1926
1927   -27  -17  -38  -30  -25  -27  -19  -24  -12   -1   -5  -33    -22 -21    -25  -31  -23   -6  1927
1928    -2   -9  -25  -28  -30  -39  -19  -22  -21  -19   -9  -16    -20 -21    -15  -27  -27  -16  1928
1929   -45  -58  -33  -41  -38  -44  -37  -33  -25  -14  -12  -54    -36 -33    -40  -37  -38  -17  1929
1930   -30  -27  -10  -24  -24  -22  -21  -15  -15  -11   18   -5    -15 -20    -37  -19  -19   -3  1930
1931   -10  -20  -10  -23  -19   -8   -3   -4   -6    6   -6   -5     -9  -9    -12  -17   -5   -2  1931
1932    16  -17  -18   -5  -17  -28  -24  -22  -10   -9  -27  -26    -16 -14     -2  -13  -25  -15  1932
1933   -23  -29  -29  -24  -29  -34  -21  -23  -29  -24  -30  -44    -28 -27    -26  -27  -26  -28  1933
1934   -20   -2  -28  -30   -9  -14  -10  -12  -15   -6    4   -2    -12 -15    -22  -22  -12   -6  1934
1935   -34   14  -14  -36  -28  -26  -21  -22  -21   -5  -26  -16    -20 -18     -7  -26  -23  -17  1935
1936   -27  -37  -20  -19  -16  -21   -9  -13   -8   -2    2    0    -14 -16    -27  -19  -14   -3  1936
1937    -7    4  -20  -15   -5   -5   -3    2   10    9    8   -7     -2  -2     -1  -13   -2    9  1937
1938     9    4   10    7   -9  -17   -9   -5    1   15    8  -12      0   1      2    3  -10    8  1938
1939    -4   -6  -17   -9   -4   -6   -5   -6   -7   -3    8   43     -1  -6     -8  -10   -6   -1  1939
1940     0    8    9   18   11   12   12    7   15   11   16   32     13  14     17   13   10   14  1940

Year   Jan  Feb  Mar  Apr  May  Jun  Jul  Aug  Sep  Oct  Nov  Dec    J-D D-N    DJF  MAM  JJA  SON  Year
1941    18   31   10   17   17   13   22   15    2   35   23   22     19  20     27   15   17   20  1941
1942    29    2    6   10   11    5    0   -4   -3    2   10   12      7   8     18    9    1    3  1942
1943     0   18   -3   11    7   -5    9    1    6   23   20   24      9   8     10    5    2   16  1943
1944    36   25   26   20   20   16   18   18   28   27   11    4     21  22     28   22   17   22  1944
1945    10    1    6   20    6    1    4   26   21   19    8   -6     10  11      5   11   10   16  1945
1946    15    3    2    6   -7  -21  -12  -20   -7   -7   -5  -31     -7  -5      4    0  -17   -7  1946
1947    -6   -7    7    7   -1   -1   -4   -7  -12    8    3  -13     -2  -4    -15    4   -4   -1  1947
1948     7  -14  -24  -12    0   -5  -11  -12  -14   -5  -12  -23    -10 -10     -7  -12   -9  -10  1948
1949     7  -14   -2  -11  -10  -27  -13  -13  -14   -6  -10  -18    -11 -11    -10   -7  -17  -10  1949
1950   -26  -27   -7  -21  -11   -5   -8  -16  -11  -20  -34  -21    -17 -17    -23  -13  -10  -22  1950
1951   -34  -41  -20  -14    0   -6   -1    6    5    8   -1   16     -7 -10    -32  -11   -1    4  1951
1952    11   11   -8    4   -3   -3    4    5    7    0  -13   -1      1   3     13   -2    2   -2  1952
1953     7   15   11   20   12   12    1    5    5    8   -3    5      8   8      7   14    6    3  1953
1954   -24  -10  -15  -14  -20  -18  -19  -17   -9   -2    8  -18    -13 -11    -10  -16  -18   -1  1954
1955    13  -16  -32  -22  -20  -14  -11    2  -11   -5  -25  -28    -14 -13     -7  -25   -8  -14  1955
1956   -13  -24  -21  -28  -29  -15   -9  -26  -19  -23  -14   -6    -19 -21    -22  -26  -17  -19  1956
1957    -9   -3   -5    0    9   16    2   15    9    1    8   15      5   3     -6    1   11    6  1957
1958    39   22    9    1    6   -8    5   -5   -3    4    2    1      6   7     25    5   -3    1  1958
1959     8    7   18   16    4    3    3   -1   -6   -7   -8    0      3   3      5   13    2   -7  1959
1960     0   13  -35  -15   -8   -4   -4    2    7    6  -11   19     -2  -4      4  -19   -2    0  1960

Year   Jan  Feb  Mar  Apr  May  Jun  Jul  Aug  Sep  Oct  Nov  Dec    J-D D-N    DJF  MAM  JJA  SON  Year
1961     7   19    9   13   12   11    1    1    8    0    3  -16      6   9     15   11    4    4  1961
1962     5   15   10    5   -6    3    2   -1    0    1    6   -3      3   2      1    3    1    2  1962
1963    -3   18  -14   -7   -6    5    6   23   18   15   15   -3      5   5      4   -9   11   16  1963
1964    -9  -10  -21  -32  -25   -4   -4  -22  -29  -31  -21  -30    -20 -18     -7  -26  -10  -27  1964
1965    -8  -17  -13  -19  -12   -8  -13   -4  -15   -5   -6   -8    -11 -12    -18  -15   -8   -9  1965
1966   -19   -4    3  -13  -12    1    8   -9   -3  -17   -1   -3     -6  -6    -11   -7    0   -7  1966
1967    -7  -21    5   -5   12   -8    2    1   -6    9   -5   -5     -2  -2    -10    4   -2   -1  1967
1968   -26  -14   20   -6  -14   -9  -13   -9  -19    9   -5  -14     -8  -8    -15    0  -10   -5  1968
1969   -11  -18    1   17   18    3   -4    4    8    9   12   24      5   2    -14   12    1   10  1969
1970     8   22    6    5   -3   -3    1  -10   12    3    2  -12      3   6     18    3   -4    6  1970
1971    -2  -15  -18   -7   -5  -17   -8   -1   -6   -4   -7   -8     -8  -9    -10  -10   -8   -6  1971
1972   -22  -18    2    0   -3    4    1   16    2    8    2   18      1  -1    -16    0    7    4  1972
1973    29   32   29   27   22   19   12    5    9   10    4   -7     16  18     26   26   12    8  1973
1974   -10  -27   -5  -12   -4   -5   -3   10   -8   -6   -8   -8     -7  -7    -14   -7    1   -7  1974
1975    10    8   12    4   16   -1   -1  -17   -2  -11  -17  -17     -1  -1      3   11   -6  -10  1975
1976    -3   -6  -22   -7  -21  -12  -10  -12   -7  -24   -6   11    -10 -12     -9  -16  -11  -12  1976
1977    18   22   24   26   33   27   20   18    2    3   16    3     18  18     17   28   22    7  1977
1978     6   10   19   17    9   -2    4  -13    6    3   14    8      7   6      6   15   -4    7  1978
1979     8  -10   19   15    4   14    4   16   25   26   28   48     16  13      2   13   11   26  1979
1980    29   39   29   30   35   20   22   18   20   13   29   21     26  28     39   31   20   21  1980

Year   Jan  Feb  Mar  Apr  May  Jun  Jul  Aug  Sep  Oct  Nov  Dec    J-D D-N    DJF  MAM  JJA  SON  Year
1981    53   42   48   32   24   29   32   35   15   12   23   41     32  30     39   35   32   16  1981
1982     4   15    3   15   17    5   14    3   14   13   17   42     14  14     20   12    8   15  1982
1983    53   43   41   27   33   22   18   35   37   17   30   16     31  33     46   34   25   28  1983
1984    31   14   26    6   33    2   19   19   21   13    7   -4     15  17     20   21   13   14  1984
1985    22   -4   17   12   14   15    4   16   13   11    5   14     12  10      5   14   12   10  1985
1986    26   37   30   22   21   12   11   15    3   15   10   13     18  18     25   24   13    9  1986
1987    32   43   18   24   25   35   40   25   35   32   29   46     32  29     29   23   33   32  1987
1988    56   44   51   42   44   40   33   39   37   38   12   29     39  40     49   46   37   29  1988
1989    12   30   36   29   17   15   34   33   34   29   19   37     27  26     24   27   27   27  1989
1990    41   44   80   56   45   37   45   34   23   44   46   40     45  44     41   60   39   38  1990
1991    42   50   35   51   34   53   47   39   44   29   30   32     40  41     44   40   46   34  1991
1992    47   40   48   27   31   25    8    8   -1    6    3   21     22  23     40   35   14    3  1992
1993    34   37   36   28   28   22   25   11   11   23    3   18     23  23     31   31   19   12  1993
1994    26    2   29   41   28   44   30   21   31   42   44   38     31  30     15   33   32   39  1994
1995    52   79   46   46   27   43   45   45   33   47   44   26     44  45     56   40   44   41  1995
1996    24   45   32   33   27   28   36   48   25   23   38   37     33  32     32   31   38   29  1996
1997    33   40   51   33   34   54   34   41   52   61   64   59     46  44     37   40   43   59  1997
1998    57   87   63   63   68   77   66   65   41   41   43   54     60  61     68   64   69   42  1998
1999    48   63   32   32   26   36   38   31   38   34   37   40     38  39     55   30   35   36  1999
2000    24   55   55   56   35   40   39   42   38   26   30   28     39  40     40   49   40   31  2000

Year   Jan  Feb  Mar  Apr  May  Jun  Jul  Aug  Sep  Oct  Nov  Dec    J-D D-N    DJF  MAM  JJA  SON  Year
2001    45   44   55   50   58   52   59   49   51   50   72   55     53  51     39   54   53   58  2001
2002    77   78   88   58   64   53   61   53   63   54   58   43     62  63     70   70   56   58  2002
2003    74   58   59   55   61   48   58   64   62   72   53   74     61  59     59   58   56   62  2003
2004    58   72   63   61   37   44   26   45   49   61   72   51     53  55     68   53   38   61  2004
2005    74   60   74   67   63   64   61   60   71   75   73   68     67  66     62   68   62   73  2005
2006    56   73   63   47   48   66   54   70   65   70   74   79     64  63     65   52   63   69  2006
2007   101   70   73   76   69   61   59   60   59   58   59   50     66  69     83   72   60   59  2007
2008    30   38   74   53   49   48   60   46   61   67   68   54     54  54     39   59   51   65  2008
2009    65   52   53   61   65   64   73   69   71   65   79   67     65  64     57   60   69   72  2009
2010    75   83   92   84   75   68   63   67   64   71   81   45     72  74     75   84   66   72  2010
2011    52   48   65   65   53   62   70   75   56   65   58   60     61  60     49   61   69   60  2011
2012    47   49   58   73   78   64   58   66   72   80   78   53     65  65     52   69   63   77  2012
2013    71   62   67   54   61   69   60   70   76   69   83   70     68  66     62   60   66   76  2013
2014    76   55   78   79   86   67   58   83   87   80   66   78     74  74     67   81   69   78  2014
2015    87   90   96   76   80   81   73   79   85  109  106  117     90  87     85   84   78  100  2015
2016   118  137  136  110   95   79   85  102   90   88   92   87    101 104    124  114   89   90  2016
2017   103  114  116   94   91   71   81   87   76   90   88   93     92  91    101  100   80   85  2017
2018    83   85   88   89   82   77   82   77   80  101   82   92     85  85     87   86   79   88  2018
2019    94   95  117  101   85   90   94   95   92  100   99  110     98  96     93  101   93   97  2019
2020   117  124  117  113  101   91   89   87   98   87  110   80    101 104    117  110   89   98  2020

Year   Jan  Feb  Mar  Apr  May  Jun  Jul  Aug  Sep  Oct  Nov  Dec    J-D D-N    DJF  MAM  JJA  SON  Year
2021    81   64   88   75   78   84   91   81   92   99   93   86     84  84     75   80   86   95  2021
2022    91   89  105   83   84   92   93   95   89   96   72   80     89  89     89   91   93   86  2022
2023    87   97  120  100   93  108  118  119  147  133  142  135    117 112     88  104  115  141  2023
2024   121 **** **** **** **** **** **** **** **** **** **** ****   **** ***   **** **** **** ****  2024
Year   Jan  Feb  Mar  Apr  May  Jun  Jul  Aug  Sep  Oct  Nov  Dec    J-D D-N    DJF  MAM  JJA  SON  Year

Divide by 100 to get changes in degrees Celsius (deg-C).
Multiply that result by 1.8(=9/5) to get changes in degrees Fahrenheit (deg-F).

Example      --      Table Value :      40
                          change :    0.40 deg-C  or  0.72 deg-F